18 18
12345
500 2000 0.9 4 adaptive
0 -1 0 -1 0 -1 0 -1 -1 -1 -1 -1 -1 3 -1 -1 -1 -1
-1 -1 -1 -1 -1 -1 -1 -1 -1 1 -1 6 -1 5 -1 -1 -1 2
-1 -1 -1 -1 -1 -1 0 -1 -1 -1 -1 8 -1 8 -1 -1 -1 -1
3 -1 -1 0 -1 -1 -1 -1 -1 -1 5 -1 8 -1 8 -1 -1 5
-1 -1 2 -1 -1 -1 -1 -1 -1 3 -1 6 -1 -1 -1 4 -1 2
-1 5 -1 2 -1 -1 1 -1 1 -1 5 -1 -1 6 -1 1 -1 0
-1 -1 4 -1 5 -1 -1 -1 -1 -1 -1 -1 7 -1 3 -1 -1 -1
3 -1 5 -1 7 -1 8 -1 -1 8 -1 -1 8 -1 5 -1 -1 -1
-1 -1 5 -1 8 -1 -1 -1 -1 -1 -1 -1 -1 -1 -1 -1 -1 0
-1 -1 -1 -1 -1 -1 9 -1 -1 -1 -1 -1 8 -1 4 -1 -1 -1
-1 -1 6 -1 -1 -1 7 -1 8 -1 -1 9 -1 -1 -1 -1 -1 -1
4 -1 -1 8 -1 -1 4 -1 -1 6 -1 7 -1 8 -1 -1 -1 4
-1 -1 -1 -1 -1 -1 4 -1 2 -1 -1 -1 6 -1 4 -1 4 -1
-1 -1 6 -1 3 -1 5 -1 -1 -1 -1 1 -1 4 -1 3 -1 -1
-1 -1 -1 -1 1 -1 3 -1 5 -1 2 -1 -1 -1 -1 -1 -1 2
3 -1 0 -1 -1 -1 -1 -1 -1 -1 -1 -1 -1 -1 4 -1 1 -1
-1 3 -1 1 -1 0 -1 1 -1 -1 2 -1 -1 2 -1 -1 -1 -1
-1 -1 -1 -1 -1 -1 -1 2 -1 -1 -1 -1 2 -1 1 -1 -1 0
